0.7679819
1.066644
1.941315
2.495986
3.285329
3.839977
4.309319
5.845329
6.335987
7.274649
7.871995
8.618662
9.834648
11.34932
12.22399
12.79998
13.54664
13.952
14.78399
15.82932
16.38399
16.95998
17.15199
17.42932
17.72798
18.38932
18.77331
19.07199
19.62664
20.01066
20.54399
21.14132
21.71733
21.99465
22.54932
23.31732
23.97866
24.17066
24.74664
25.68533
26.06932
26.45331
27.00798
27.69066
28.05331
28.18131
28.52265
28.92798
29.14132
29.48265
30.07998
30.39998
30.76265
31.40265
31.78664
31.97866
32.34132
32.68265
33.06664
33.23732
33.51465
33.83465
34.23998
34.432
34.70932
35.15733
35.56265
36.11732
36.52265
37.11998
37.46132
38.42131
38.76265
39.18932
39.53066
39.91465
40.02132
40.14932
40.25599
40.59732
40.76798
40.91732
41.06664
41.45066
41.77066
42.15465
42.58131
42.94399
43.30664
43.66932
44.03199
44.43732
44.88533
44.992
45.16265
45.35465
45.54664
45.78131
46.16533
46.52798
46.91199
47.16798
47.31733
47.48798
47.85066
48.19199
48.31998
48.59732
49.00265
49.38664
49.68533
49.83465
50.17599
50.51732
50.90131
51.24265
51.43465
51.71199
51.88265
52.09599
52.28798
52.39465
52.672
53.05598
53.22664
53.43998
53.78131
54.12265
54.39998
54.52798
54.67732
54.76265
55.08265
55.50932
55.82932
56.14932
56.49066
56.63998
56.93866
57.21599
57.40798
57.55732
57.94131
58.34665
58.70932
58.83733
59.19998
59.54132
59.66932
59.86132
60.03199
60.41599
60.79998
61.01331
61.35465
61.54664
61.86665
61.97331
62.272
62.65599
62.99733
63.10399
63.42399
63.78664
63.91465
64.23465
64.61866
64.98132
65.19465
65.57866
66.21866
66.51733
66.94399
67.49866
67.86131
68.24533
68.54399
69.22665
69.71732
70.39998
70.89066
71.14664
71.46664
72.34132
72.59732
73.06664
73.34399
73.89866
74.17599
74.49599
74.81599
75.24265
75.64798
76.20265
76.47998
76.84265
77.56799
78.07998
78.37866
78.52798
79.46664
80.19199
80.61866
81.19465
81.47199
81.96265
82.30399
82.87997
83.30664
83.712
84.45866
84.94932
85.82399
87.03998
88.25599
89.51465
90.68798
91.88265
92.37331
92.62932
93.01331
93.16265
93.35464
93.54665
93.93066
94.35732
