0.7679819
1.023991
1.493311
2.517324
3.285329
3.839977
4.223991
4.650658
5.845329
6.250658
7.274649
8.447982
9.642653
10.06932
10.92265
11.43465
12.18132
12.58664
12.97066
13.52533
13.952
14.71998
15.82932
16.38399
16.76798
17.13066
18.112
18.49599
19.26399
19.64798
20.01066
20.41599
20.86399
21.14132
21.75998
22.01599
22.54932
23.21066
23.42399
23.97866
24.192
24.49066
24.70399
25.66399
26.17599
26.60265
27.02932
27.94664
29.07732
30.03732
30.46399
30.99732
31.42399
31.78664
32.14932
32.512
32.91732
33.23732
33.77066
33.96265
34.432
35.17866
35.56265
35.88265
36.52265
36.90664
37.52533
38.57066
39.27465
39.74399
40.27732
40.76798
41.08798
41.45066
41.83465
42.23998
42.60265
43.24265
43.37066
43.71199
44.03199
44.37331
44.60798
44.88533
45.18399
45.43998
45.78131
46.14399
46.52798
46.93331
47.16798
47.31733
47.48798
47.85066
48.21331
48.55465
48.63998
49.00265
49.38664
49.72798
49.83465
50.19732
50.53866
50.90131
51.49866
51.86132
52.18132
52.28798
53.22664
53.43998
53.71732
54.14399
54.39998
54.67732
55.10399
55.48798
55.87199
56.02132
56.17066
56.49066
56.63998
56.98132
57.23732
57.40798
57.55732
57.96265
58.30399
58.70932
58.83733
59.19998
59.54132
59.64798
59.86132
60.01066
60.33066
60.45866
60.77866
61.01331
61.18399
61.54664
61.86665
61.97331
62.272
62.65599
62.91199
63.03998
63.42399
63.78664
63.91465
65.00266
65.19465
65.49331
65.85599
65.94131
66.17599
66.34664
66.73066
67.02932
67.43465
67.86131
68.26665
68.73598
68.992
69.22665
69.37598
69.50399
69.71732
70.16533
70.61331
70.89066
71.16798
71.27465
71.46664
71.67998
71.87199
72.02132
72.40533
72.59732
72.76798
72.95998
73.06664
73.19465
73.34399
73.49331
73.91998
74.28265
74.73066
74.87997
75.22131
75.64798
75.94665
76.22399
76.30932
76.47998
76.60798
76.86399
76.992
77.33331
77.632
78.03732
78.37866
78.52798
78.69866
78.80533
78.97598
79.14664
79.46664
79.59465
79.76533
79.95732
80.19199
80.51199
80.61866
81.04533
81.21599
81.55733
81.91998
82.32533
82.68798
83.05066
83.17867
83.30664
83.41331
83.712
84.032
84.45866
84.86399
85.29066
85.65331
85.75998
86.05866
86.22932
86.592
86.97598
87.12533
87.50932
87.87199
88.25599
88.63998
88.74664
89.00266
89.38664
89.51465
89.87733
90.26131
90.38932
90.51733
90.68798
91.00798
91.58399
91.77599
92.032
92.20265
92.62932
93.16265
93.312
93.54665
93.93066
94.22932
94.48533
0.6399773
0.7679819
1.066644
1.386644
2.495986
3.093311
4.223991
4.650658
5.930657
7.274649
7.871995
8.618662
9.834648
11.34932
12.22399
12.79998
13.54664
13.952
14.71998
16.02131
16.95998
17.15199
17.42932
17.72798
18.21866
18.49599
18.77331
19.24265
19.62664
20.01066
20.39465
20.69331
20.99199
21.75998
21.99465
22.54932
23.29599
23.61599
23.872
24.192
24.59732
24.78932
25.40798
25.68533
26.17599
26.41066
27.02932
27.69066
28.05331
28.18131
28.52265
28.92798
29.07732
30.07998
31.31732
31.552
31.78664
32.08533
32.512
32.832
33.23732
33.66399
33.83465
33.96265
34.19732
34.30399
34.66665
35.02932
35.17866
35.66932
35.86132
36.20265
36.52265
36.90664
37.24798
37.58932
37.67465
37.99465
38.35732
38.71998
39.18932
39.53066
39.91465
40.02132
40.14932
40.25599
40.512
40.68265
40.91732
41.06664
41.45066
41.74932
42.15465
42.58131
42.94399
43.30664
43.66932
44.03199
44.43732
44.88533
44.992
45.16265
45.35465
45.54664
45.78131
46.16533
46.52798
46.91199
47.16798
47.31733
47.48798
47.82932
48.19199
48.31998
48.59732
48.68265
49.00265
49.38664
49.72798
49.83465
50.17599
50.51732
50.90131
51.05066
51.24265
51.43465
51.71199
51.88265
52.09599
52.18132
52.28798
52.39465
52.672
53.05598
53.22664
53.43998
53.71732
54.12265
54.48533
54.91199
55.82932
56.14932
56.93866
57.21599
57.59998
57.94131
58.34665
58.73066
58.83733
59.19998
59.28533
59.54132
59.64798
59.86132
60.03199
60.41599
60.77866
61.01331
61.18399
61.48265
61.86665
61.97331
62.33599
62.65599
62.99733
63.46664
63.85066
64.55465
64.98132
65.57866
65.66399
65.85599
66.04798
66.21866
66.51733
67.11465
67.45599
67.86131
68.24533
68.60798
68.94932
69.75998
70.52798
70.89066
71.65866
71.85065
72.02132
72.40533
73.06664
73.34399
74.17599
74.49599
74.81599
75.64798
76.58665
76.84265
76.992
77.26932
77.58932
77.71732
78.01598
78.33598
78.65598
78.80533
79.06132
79.18932
79.82932
80.19199
81.23733
81.47199
81.83465
82.13331
82.30399
82.55997
82.66664
82.87997
83.00798
83.26399
83.41331
83.77599
84.20265
84.45866
84.94932
85.632
86.592
87.50932
88.29866
89.19465
90.06932
90.38932
91.00798
91.77599
92.20265
92.56533
93.11998
93.46132
93.86665
94.31465
0.6399773
0.7679819
1.066644
1.386644
2.495986
3.093311
4.223991
4.650658
5.845329
6.335987
7.274649
7.871995
8.618662
9.941316
11.34932
12.22399
12.79998
13.54664
14.31465
14.78399
16.02131
16.95998
17.10932
17.34399
17.53599
17.72798
17.89866
18.112
18.21866
18.30399
18.77331
18.87998
19.07199
19.24265
19.62664
19.81866
20.01066
20.352
20.69331
20.99199
21.11998
21.46132
21.75998
21.88798
21.99465
22.10131
22.37866
22.54932
22.65599
22.86932
23.23199
23.61599
24.59732
24.91732
25.10932
25.55732
25.96265
26.45331
27.02932
27.94664
28.92798
29.90932
30.52798
30.69866
30.99732
31.40265
31.78664
32.34132
32.53331
32.68265
32.91732
33.06664
33.23732
33.66399
33.83465
33.96265
34.30399
34.55998
34.70932
34.92265
35.15733
35.56265
35.86132
35.96798
36.13866
36.52265
36.88533
37.24798
37.58932
37.99465
38.35732
38.76265
39.18932
39.53066
39.61599
39.91465
40.02132
40.14932
40.25599
40.512
40.68265
40.91732
41.06664
41.45066
41.74932
42.15465
42.58131
42.94399
43.30664
43.66932
44.03199
44.43732
44.52265
44.88533
44.992
45.16265
45.54664
45.80265
46.16533
46.52798
46.91199
47.16798
47.31733
47.48798
47.82932
48.19199
48.31998
48.59732
48.68265
49.00265
49.38664
49.81331
50.17599
50.51732
50.90131
51.05066
51.24265
51.43465
51.71199
51.88265
52.09599
52.18132
52.28798
52.39465
52.672
53.05598
53.22664
53.43998
53.71732
54.12265
54.39998
54.52798
54.67732
55.08265
55.50932
55.80798
56.14932
56.49066
56.63998
56.93866
57.02399
57.21599
57.40798
57.55732
57.94131
58.28265
58.83733
59.47733
60.07465
60.41599
60.77866
61.01331
61.18399
61.35465
61.78131
61.97331
62.33599
62.54932
63.03998
63.48798
63.85066
64.06399
64.55465
65.19465
65.57866
65.85599
66.13331
66.51733
67.45599
67.86131
68.24533
68.54399
68.88533
69.75998
70.29331
70.61331
71.65866
71.85065
72.59732
73.06664
73.53599
73.94131
74.32533
74.87997
75.22131
75.56265
76.20265
76.47998
77.33331
77.632
78.37866
79.42399
80.38399
80.70399
81.47199
81.96265
82.55997
83.30664
84.24533
84.94932
85.632
85.82399
86.272
87.12533
87.50932
87.87199
88.25599
88.63998
88.74664
89.19465
89.36533
89.51465
89.91998
90.06932
90.30399
90.68798
90.79465
91.00798
91.54131
91.77599
91.96798
92.20265
92.47998
92.62932
93.07732
93.46132
93.86665
